0.00897391086950949
0.00600735605086611
0.0093658513150634
0.00553977893853264
5.15161149117205e-05
0.0221555767977327
0.00468940221985936
0.035083990973185
0.0132963043926966
0.00866243435500469
0.0334458261326511
0.0092757108222431
0.00895820254510982
0.00340056103708763
0.00401784147829853
0.0117324954958068
0.0414142262389432
0.0572127822089878
0.0232549352208054
0.0155188892855688
0.00610908486372508
0.0215335322276852
0.011073202056606
0.0108681729489984
0.0042078192589099
0.0405390932771015
0.00691156878631394
0.0339753876014984
0.00261365244039535
0.00489999881812875
0.0359683662234155
0.00193275376763846
0.00710008669454032
0.0101507301996364
0.000564386749643209
0.00413233857049866
0.016670644626371
0.0220190981046999
0.0079321640235217
0.00633284294149605
0.00170910235672816
0.0126390559223288
0.0213023900917861
0.0264598640459455
0.00942468158710763
0.0018511413076846
0.0068893579605821
0.00859763568057192
0.0172014269560992
0.00684537807412422
0.0113002433660814
0.00882025753355664
0.00096393030225761
0.00648812409617394
0.0172978341888372
0.0238028324445728
0.00897455046566842
0.0190903486003126
0.0391712038681818
0.018518568349372
0.00844697909175229
0.01537026169339
0.0138670984395948
0.00605399009034102
0.00163309168147729
0.00102133644082536
0.0249211766986598
0.0275744683196693
0.00851386586887992
0.0121345760075097
0.0035091064215933
0.0109469222145254
0.0221472875423078
0.0129164127950565
0.0016503159428366
0.0239786792797129
0.00484042585555911
0.00680751596894003
0.00727877765048901
0.0190477677804103
0.0196388027734186
0.00773138919368987
0.0461865776443814
0.00333056399601939
0.0381308587832101
0.00574574947034667
0.0255602223046506
0.0042065075853509
0.0199217565902989
0.00812987181735181
0.00772850959143467
0.0154411533581869
0.00418613334690621
0.0193921025033441
0.00450789541037822
0.0386045628003204
0.000886646328671081
0.0355657971188114
0.0255892490269332
0.00291310466502703
0.0154713584867529
0.00551452585559398
0.0241735355948851
0.00611786982819607
0.0079812892712906
0.0460205666432664
0.0294544836409013
0.00239169671868511
0.0162682702342375
0.0632743761589003
0.0804993701957775
0.00478215253600922
0.040612316307694
0.0671200867801476
0.0593092363998189
0.00218136628625443
0.0298154400824998
0.013874086069482
2.86954733101918e-05
0.0274470720183516
0.0311878143889696
0.00441540339103064
0.0098271247851468
0.0430089765322892
0.0511813481326479
0.0270395611049139
0.00588598315566791
0.00854426624995341
0.0205835094484776
0.0332256846065173
0.043285634158309
0.0298173512644605
0.0157019790537243
0.028712909282686
0.0314739996237018
0.0153864373603593
0.0058641109202181
0.00087639535593742
0.00499545506576804
0.00679758822182097
0.00154397385984328
0.00768767165503303
0.0239958172058108
0.041039960602031
0.0464767999807005
0.0265342151959039
0.00383823466133404
0.0144867459770366
0.0408202494264392
0.0525365431160426
0.0543171888051306
0.0416026938039433
0.0175784225780041
0.00178505809064733
0.00322764870894898
0.00744385060312491
0.00810661346037611
0.00906302886008525
0.0123971100763397
0.0196838382871335
0.0268939166887081
0.0250672816193647
0.0162728346458171
0.00531991321100966
0.00287533385705785
0.0201490783143746
0.0399302860526833
0.0550833372358659
0.0677197007183322
0.0725464693796315
0.0654085014356242
0.0511371221820542
0.0348326582873225
0.0176302079644576
0.00414563825011061
0.00926354092008386
0.0368671477727806
0.0768313824720867
0.108222141557726
0.12372298525676
0.125204891201223
0.108655806054443
0.072755958777136
0.0315212306967334
0.00494566338738722
0.00481318562621869
0.0292701563668747
0.0559456935297777
0.0781485241399017
0.0924706732129802
0.0932423629574791
0.0722184437013299
0.0381986446703687
0.0121584334709401
0.000735188660278774
0.00270345861499677
0.0126112133507172
0.0202780198305995
0.0223093053953487
0.0202584016406758
0.0155080489721057
0.00916749144529494
0.00301632412288733
0.000608848955579444
0.00693959487820106
0.0192014239955274
0.0297113674681134
0.0346583638098931
0.034884490332979
0.0318402122558959
0.0264929627219079
0.0197882676517218
0.0130140098875935
0.00712895327648599
0.00270663342658573
0.00073428725312763
0.00283651586229527
0.0111836150916489
0.0239334080866238
0.0367032656988577
0.0479992359696175
0.0563113153455522
0.059321362443193
0.0565193492708443
0.0493369870914907
0.0392112803693411
0.0283802816931717
0.0188956512034737
0.0115063016427944
0.00640577134835529
0.00333866899186497
0.00177998862398621
0.00138126250825021
0.00217302018201626
0.00461530711308089
0.00970803397919162
0.0187688220859378
0.0311055068410312
0.0429490491243127
0.0518064704294982
0.057445473566867
0.0597640795709045
0.0578075605211302
0.0511036471550206
0.0409787822245884
0.0303656351685094
0.0224354733008928
0.0187728022547821
0.018764490067088
0.0206385533073994
0.0222798056663752
0.0221028234483794
0.0193864932484911
0.0154599000151033
0.0129503558269896
0.0135745668934785
0.0174358605370688
0.0234140826030869
0.0297099703238961
0.0343462457956242
0.0357247042154404
0.033284616013908
0.0280177510100489
0.0218481756143255
0.0170412929276581
0.0159966843701496
0.0199209086193312
0.0284182804287511
0.0389592432137905
0.0471122946498621
0.0493942360286576
0.0463814445476913
0.0405099529117557
0.0337256214141554
0.0273189757373877
0.022151979618924
0.0186391124205265
0.0166896869045866
0.0157281398006082
0.0148656516683118
0.0133218978436384
0.0108532865589962
0.00785288620689462
0.0051607596504909
0.00382043347453642
0.00476257045495843
0.00859222417532002
0.0154359144609953
0.024448063017087
0.0338804843359416
0.0419586751409413
0.047493507329799
0.0500537338501039
0.0497435888015558
0.0469489694767119
0.042169636757582
0.035972715610131
0.0291316822142584
0.0225342777227078
0.0168528581660826
0.0123256919000144
0.00888046343002069
0.00632725537423195
0.00447341364453147
0.00318540567901715
0.00244606303466888
0.00238014578876655
0.00329099637101649
0.00566848031138634
0.00998247031888289
0.0162333259462623
0.0237357386791396
0.0314459912344585
0.038600424659564
0.0449353118427462
0.0505366820192891
0.0555673916110763
0.0601307138762123
0.0642410748287974
0.0677192406760508
0.0700497062799916
0.0704670676897576
0.0681902068371586
0.0629328555007965
0.0549984064900748
0.0451337263272577
0.0344608984815065
0.0242567499326992
0.0157168318033589
0.00948443991472747
0.00558865878370163
0.00373080523478397
0.00347992450690005
0.00442358813640342
0.00622551957037554
0.00861217807141179
0.0113574693716788
0.0142796131311612
0.0172402418867477
0.020144255350534
0.0229407809149098
0.025623534557736
0.028221017042296
0.0307805798304981
0.0333530355871087
0.0359751090507987
0.0386596997430814
0.0413892172040196
0.0441145586863321
0.0467527645819449
0.0491972787939691
0.0513332988264101
0.0530548218694789
0.0542673707879862
0.0548842286418132
0.0548211549786088
0.0540082065635116
0.0524201421061314
0.0500966578122568
0.0471404949447495
0.043682631782323
0.0398051310930846
0.035552558581797
0.0309201504264
0.0259279330394604
0.020689623061223
0.0154152839113016
0.0103651644124391
0.00586546750273342
0.00235980896843579
0.000416920558339418
0.000271555709191129
0.00165737413659328
0.00429782328213479
0.00796731060553268
0.0124793077871579
0.0176935639184865
0.0235234486509767
0.0299281664540507
0.0368987900003747
0.0444317142664077
0.0524820621081651
0.0609264303254047
0.0695297834496985
0.0779134387672699
0.0856178357488159
0.0921941118988484
0.0972961625918877
0.100752456387512
0.102561403053545
0.102841802653253
0.101811505216073
0.0997937218085845
0.0971180167419636
0.0940673431864392
0.0908620667169735
0.0876293963474083
0.0844280287875567
0.0812789179106003
0.0781648433201609
0.0750404083371355
0.0718365883633402
0.0684673650281516
0.0648433227525322
0.0608982047996279
0.0566061161829744
0.0519934826529025
0.0471382333013987
0.0421546816909933
0.0371749204341104
0.0323316003199478
0.0277373200408608
0.0234664240640762
0.0195619497563778
0.0160424840477323
0.0129109841221344
0.0101636899678347
0.00779621262445962
0.00581342366915139
0.00423450910274303
0.00309540319253843
0.00244275600689381
0.00233529210656924
0.00286571133785984
0.00418870473256838
0.00651719023744013
0.0100840791977557
0.015085751353886
0.0215538805023107
0.0293683347825027
0.0383123325585304
0.0480506283321208
0.0581093273266333
0.0679564236292417
0.0770737220697238
0.0850704132763405
0.0919031812943085
0.0977731282770189
0.103106386655106
0.108804191581692
0.115299613319434
0.122023895571601
0.128243238837294
0.133427387259538
0.13666931026598
0.137588632463416
0.135939403428475
0.131648622077977
0.125047287472386
0.116690007730378
0.107007999801822
0.0963659099978108
0.0854002407655634
0.0759946566098979
0.0698994014524397
0.0654352597486944
0.0616331393013473
0.0582244595760805
0.0551043803244945
0.0522226551951042
0.0495463288215038
0.0470497273396848
0.0447124476688058
0.0425195149406333
0.0404595759175329
0.0385254577224453
0.0367142849984959
0.0350274840928705
0.0334680495375529
0.0320411673002694
0.0307520471969543
0.0296066198281734
0.0286092269548126
0.0277630578140056
0.0270724725758915
0.0265395123249306
0.0261631304455621
0.0259366224813461
0.0258489272292486
0.0258863574053846
0.0260286157662522
0.0262499756458803
0.0265230071019045
0.0268191623579682
0.0271125098062319
0.0273785230218133
0.0275926806158354
0.0277317313621728
0.0277744041357825
0.0277035393172699
0.0275060024425881
0.0271736672855697
0.026705050790966
0.0261038975301742
0.0253783314021003
0.0245404896112157
0.0236051498366845
0.0225895981870267
0.0215132034105857
0.0203966092685623
0.0192611617928128
0.018127734404897
0.0170158374697339
0.0159408529585282
0.0149118527499901
0.0139327235037774
0.0130028015035797
0.0121201035994413
0.0112812405987944
0.0104834311567805
0.00972461585970452
0.00900363010624583
0.00831939589824016
0.00767027071469006
0.00705626554834782
0.00647928488266314
0.00594312637185224
0.00545437984611896
0.00502325834962847
0.00466487899475287
0.00439898888193635
0.00424952719122307
0.00424340252041211
0.00440911779003883
0.00476911677066638
0.00533495108789428
0.0061093128282057
0.0070890117407979
0.00826691654720069
0.00963357908576401
0.0111772743297921
0.0128838828593466
0.0147370242945457
0.0167182486770597
0.018807463346033
0.02098276272518
0.0232208103291861
0.025497340551813
0.0277872095050296
0.030065012280968
0.0323060306906638
0.0344870446487845
0.03658678745036
0.0385862745965359
0.040468972235016
0.0422210729213975
0.0438316218121234
0.0452923490274724
0.0465974235032708
0.0477433206910809
0.0487286658268673
0.0495539092836836
0.0502211164694844
0.0507338958314921
0.0510969649206349
0.0513157307785086
0.0513964302680028
0.0513459479833945
0.0511717392713678
0.050881685167698
0.0504840046238734
0.0499872592450911
0.0494003044597208
0.0487320541357896
0.0479913536711207
0.0471868529519143
0.0463269717461103
0.0454197871500668
0.04447299289301
0.0434938196354917
0.0424890064942249
0.0414647238490934
0.0404265679434069
0.0393794895225352
0.0383276453559745
0.0372744297227178
0.0362224482935222
0.0351735700897813
0.0341289725494757
0.0330892103282961
0.0320543595279914
0.0310240123697023
0.0299973729954214
0.0289733993052005
0.0279510000787762
0.0269290780908253
0.0259065585150263
0.0248824624816406
0.0238559582594668
0.0228263387726725
0.0217930482390776
0.0207558121493588
0.0197147351210812
0.0186702798112952
0.0176232567645691
0.0165749679358851
0.015527228131639
0.0144822254347652
0.0134425141423993
0.0124110565839102
0.0113912247899135
0.0103867240500078
0.00940163497565194
0.00844034055155063
0.0075074605420643
0.00660785028102984
0.00574649081252787
0.00492841199915672
0.00415868922738682
0.00344229754914205
0.00278412058552979
0.00218883332114606
0.00166088293515654
0.0012044665120694
0.000823469893072692
0.000521390389577991
0.00030111518587006
0.000164789926565212
0.000113694079340809
0.000148132892517694
0.000267456520024023
0.000470073391314219
0.000753391917497459
0.001113806065562
0.00154672335890349
0.00204664562231571
0.00260719013447996
0.00322116947460993
0.00388078927509072
0.00457786621887957
0.00530401564364014
0.00605107791060078
0.006811384635099
0.00757779424957827
0.00834371686574087
0.00910316455452131
0.00985080050162823
0.0105819291541828
0.0112925133727176
0.0119791714196672
0.0126391140833706
0.0132700913875956
0.0138703421189432
0.0144385395094621
0.014973752280104
0.0154754017176012
0.0159432235461243
0.0163772543915377
0.0167777863862826
0.0171453172812938
0.0174805263549556
0.017784250763489
0.0180574606752181
0.0183012422056609
0.0185167771106991
0.0187053181006789
0.0188681722793619
0.0190066776874341
0.019122182707182
0.0192160246692402
0.0192895161359112
0.01934394069017
0.0193805308407292
0.0194004572688935
0.0194048200303059
0.0193946433541805
0.0193708732893682
0.0193343781000553
0.0192859492672108
0.0192263031024928
0.0191560920176195
0.0190759193547041
0.0189863318454513
0.0188878317539374
0.0187808850428745
0.0186659233591955
0.0185433531301611
0.0184135677197312
0.0182769501158146
0.0181338782447158
0.0179847316666589
0.0178299003247033
0.0176697803570248
0.0175047762173159
0.0173353116278364
0.0171618354922204
0.0169848280910836
0.0168048016674883
0.016622292113765
0.0164378585977326
0.0162520843832824
0.0160655798571661
0.0158789897589895
0.0156929994835239
0.0155083226002055
0.0153256978006707
0.0151458917844499
0.0149696840796766
0.0147978612456779
0.0146312294322726
0.0144706299030694
0.0143169383082933
0.0141710458230466
0.0140338478113845
0.0139062518901544
0.0137891747848874
0.0136835539082678
0.0135903351290532
0.0135104599099353
0.0134448763823294
0.0133945333149014
0.0133603823583287
0.0133433921782695
0.0133445283011328
0.0133647592497609
0.0134050297058969
0.0134662351489262
0.0135492123250451
0.0136547632163989
0.0137836727735062
0.0139367585705478
0.0141148297134893
0.0143186181671429
0.0145488070672132
0.0148060306446235
0.0150908774327545
0.015403866770611
0.0157454566954264
0.0161159905439566
0.016515667037484
0.0169445299920556
0.0174025129503212
0.0178895012603537
0.0184052322709334
0.0189493684565217
0.0195216068035809
0.0201215531626575
0.0207486492275346
0.0214022466352882
0.0220815990583404
0.0227859134505033
0.0235143619342263
0.0242662274957186
0.0250408433789236
0.0258375777147057
0.0266558386576212
0.0274950816146046
0.0283547869097421
0.0292344895358253
0.0301337684552336
0.0310523241466416
0.0319899941034761
0.032946784264733
0.0339228617523588
0.0349184292369362
0.0359336877472635
0.0369688357547047
0.0380241523799255
0.039100068983676
0.0401970654743744
0.0413155701662868
0.0424558685541273
0.0436180569304041
0.044802274984639
0.0460085168615391
0.0472369237522148
0.0484878359150205
0.0497612589504494
0.0510582093618215
0.0523807400683469
0.0537319780347032
0.055114679563488
0.0565295286784417
0.0579767402785064
0.0594598384477231
0.0609933521786045
0.0625750692683349
0.0641595755460421
0.0656915024347307
0.0671347240334133
0.0684650925842915
0.0696647474745566
0.0707204174657242
0.0716209868910843
0.0723570072074231
0.0729213884366157
0.0733118565241737
0.0735309643783909
0.0735863795841909
0.0734920285368984
0.0732678772453654
0.072939934292283
0.072539189622072
0.0720966397220412
0.0716364577165858
0.0711690787977374
0.0706995619003359
0.0702279757829588
0.0697511542105006
0.0692632971946906
0.0687588081017481
0.0682331163520857
0.0676825021700277
0.0671036785684109
0.0664941193949929
0.0658526654616535
0.0651793879002193
0.0644738882672379
0.0637355894352236
0.0629635006702414
0.0621562587515738
0.0613122871923798
0.0604302840510818
0.0595098473069727
0.0585504762853978
0.0575513399022495
0.0565112949564203
0.0554292979446939
0.054305132141194
0.0531388562852284
0.0519311211950217
0.0506828159231636
0.0493946680496776
0.0480677041231741
0.0467029615370731
0.0453012401739108
0.0438642260209986
0.0423938483545966
0.0408915361260754
0.0393590411668387
0.037798813521946
0.03621387664576
0.0346077509473135
0.0329846703796578
0.0313496791941991
0.0297079551674856
0.0280650625118718
0.026427035913056
0.024800726524832
0.0231930280446967
0.021610155376716
0.0200575425462672
0.0185401991810219
0.0170624707929836
0.0156282736034553
0.014241623814058
0.01290667493555
0.0116273103419423
0.0104076268948559
0.00925203504115057
0.00816521006278303
0.00715150913079698
0.00621497162564155
0.0053593339039455
0.00458774193184941
0.00390254335197882
0.00330583619291869
0.00279942720405635
0.00238469668826047
0.00206241662038309
0.00183267206100757
0.00169440147097732
0.00164542238108534
0.00168242425518927
0.00180129600210632
0.00199756169886955
0.00226652651842896
0.00260343258863571
0.00300366050661194
0.00346266357873537
0.00397607075770412
0.00453970647325308
0.00514961137648196
0.00580205494106001
0.00649354955450976
0.00722082348975128
0.00798083597998023
0.00877075474202715
0.00958795311371563
0.0104299912338682
0.0112945887973189
0.0121796241415958
0.0130831682191728
0.0140034397695957
0.014938791939661
0.0158876899793403
0.0168487572675607
0.0178207621546109
0.0188025653286458
0.0197931231896846
0.0207914693221037
0.0217967121963604
0.0228080386388996
0.0238247356902233
0.0248461862031252
0.0258718378100424
0.0269011969485818
0.0279338207009197
0.028969299868813
0.0300072674796797
0.0310473956569935
0.032089384788394
0.0331329548232879
0.0341778448873573
0.0352238047121423
0.0362706004616498
0.0373180134531962
0.0383658457391067
0.0394139597013818
0.0404622452097569
0.0415106035655328
0.0425589471694979
0.0436072003740982
0.0446552929231904
0.0457031627085751
0.0467507626621776
0.0477980520232935
0.0488449995699319
0.049891583318577
0.050937792770253
0.0519836170893138
0.0530290436131426
0.0540740669627284
0.0551186897248191
0.0561629143039964
0.0572067425100052
0.058250185243137
0.0592932824513122
0.0603360844854505
0.0613786415561763
0.0624210100067597
0.0634632491509394
0.0645054132651268
0.0655475593185841
0.0665897551812201
0.0676320782831615
0.0686746104967803
0.0697174349279703
0.0707606470323328
0.0718043485120796
0.0728486365192613
0.0738936011914012
0.074939338606009
0.0759859488441432
0.0770335354868749
0.0780821976790715
0.0791320456905276
0.0801831911704523
0.0812357375418811
0.0822897773681428
0.0833453933282784
0.084402660298962
0.0854616397069106
0.0865223823921175
0.0875849371679286
0.0886493536093294
0.0897156759672222
0.0907839405456728
0.0918541941718866
0.0929264853913312
0.0940008848353646
0.0950774724054585
0.0961563191415671
0.0972374833398396
0.0983210207870011
0.0994070061186183
0.100495515355767
0.101586627052231
0.102680433783826
0.103777030948578
0.104876522799061
0.105979019850029
0.107084618275488
0.108193409605873
0.109305484925308
0.110420947035407
0.11153990400805
0.112662488374874
0.113788873376301
0.11491923311897
0.116053761993761
0.117192638637164
0.118336047532745
0.119484237909311
0.120637472485362
0.121795975804844
0.122959962740418
0.124129624938249
0.125305398528667
0.126488180471839
0.127679557625822
0.128881463639607
0.130096408154593
0.131327470842709
0.132579599786755
0.133860563302712
0.135184010575363
0.136568914952573
0.138020594854298
0.139529836637893
0.141086311169036
0.142690277276225
0.144341790962724
0.146030607959845
0.147738712289327
0.149448621548726
0.151147295305037
0.15282468896048
0.154472947157192
0.156086150707631
0.157659827236792
0.159190306873664
0.160674574340266
0.162110196464509
0.163495290522586
0.164828385454694
0.166108329633143
0.167334312475593
0.168505823673639
0.169622544952508
0.170684283100565
0.171690941159986
0.172642473823443
0.1735388468123
0.174379944275033
0.175165510065353
0.175895111935265
0.176568477314583
0.177185499240667
0.177745958172075
0.1782496707862
0.178696632514579
0.179086856108607
0.179420843042315
0.179699606477956
0.179924345863779
0.180096463475498
0.180217660967151
0.18028990925708
0.180315426352136
0.180296937934965
0.180237697376147
0.180141239267005
0.180011215846855
0.17985120079687
0.179664473654385
0.179454033489847
0.179222482607593
0.178972135255283
0.178704791720911
0.178421593452902
0.178123495943689
0.177811471587822
0.177486996811049
0.177151746728141
0.176806769351116
0.17645241822143
0.1760886525209
0.175715369870429
0.175332279349953
0.174938538561441
0.174533143689762
0.174115230753963
0.173683905101441
0.173238280899884
0.172777432050741
0.172300388799416
0.171806222148686
0.171294034036223
0.170763025744291
0.170212571830116
0.169642347137369
0.169051963029794
0.168441002561715
0.167809081834823
0.167155852617895
0.166481007073025
0.165784317718049
0.165065498327692
0.164324267758261
0.16356041958145
0.162773754378702
0.161964239443932
0.161131914399558
0.160276790560189
0.159398811094689
0.158497921882794
0.15757406044878
0.156627205789017
0.155657392032721
0.154664662465095
0.153649131016714
0.152610982299901
0.151550402453538
0.150467659029359
0.149363097167274
0.148237191401961
0.147090431836302
0.14592324890396
0.144736098482755
0.143529578898127
0.142304382364243
0.141061248311373
0.139800862435632
0.13852387972956
0.137231017873388
0.135923183905997
0.134601269953574
0.133266091040536
0.131918374163586
0.130558831764955
0.129188184719784
0.127807173208365
0.126416572937188
0.125017228353701
0.123609979975037
0.122195704733913
0.120775323369186
0.119349647684982
0.117919393492899
0.116485244119795
0.115047854010242
0.113607830009754
0.112165788953843
0.110722400469539
0.109278276884497
0.107833939831247
0.106389863674429
0.104946547275766
0.103504492407364
0.102064192917179
0.100626061539915
0.0991904328503608
0.097757590759559
0.0963278064058154
0.0949013304569478
0.0934784787697944
0.0920595528571461
0.0906448479867443
0.089234686789749
0.0878294270044271
0.0864294464978783
0.0850352082154346
0.0836471803121149
0.0822658399972517
0.0808916884477185
0.0795252725984694
0.0781671924140726
0.0768180191377859
0.0754782818152238
0.0741485003998701
0.0728292351525648
0.0715210514340764
0.0702244803717992
0.0689399780931839
0.0676679491531301
0.0664087696412941
0.0651627821606282
0.0639303838241091
0.062711927691773
0.0615076994330338
0.0603178840490464
0.0591426525009475
0.0579821997695007
0.056836709788466
0.0557063249881288
0.0545911272237845
0.0534911677051095
0.0524065338748947
0.0513372436058031
0.0502832509683923
0.0492445000944109
0.0482210114906311
0.0472128144358382
0.0462199131069568
0.0452422901878371
0.0442799721158007
0.0433330061033155
0.0424014836155964
0.041485523865941
0.0405852559326177
0.0397007800242334
0.0388321626680544
0.0379794432297499
0.037142633421308
0.0363217253116696
0.0355167425480676
0.0347277044175301
0.033954631094066
0.0331975309138678
0.0324563861088634
0.0317311538034442
0.0310217884512084
0.0303282696776013
0.0296506214477888
0.0289888977761072
0.0283431787672002
0.0277135374118036
0.0271000282783254
0.0265027268581349
0.0259217109540014
0.0253570568325816
0.0248088484315062
0.0242771702804276
0.0237621359642197
0.0232638553726302
0.0227824242778937
0.0223179416510233
0.0218705136238535
0.0214402352393869
0.0210271949114134
0.0206314978858571
0.0202532607814513
0.0198925755069742
0.0195495251940303
0.0192242126798136
0.0189167316446579
0.0186271624012028
0.018355579536249
0.0181020408787071
0.0178665918170257
0.0176492710378064
0.0174500993290658
0.0172690916854917
0.017106267669033
0.016961641184972
0.0168352104381534
0.0167269644634231
0.0166368799137556
0.0165649511820278
0.0165111743460201
0.0164755249335067
0.0164579636729362
0.0164584392771985
0.016476894097832
0.0165132988300052
0.0165676349137134
0.0166398699165711
0.0167299676310463
0.016837896698274
0.0169636530349961
0.0171072289500577
0.0172685990362199
0.0174477481570036
0.0176446427679771
0.0178592364267157
0.0180914686089624
0.0183412585436943
0.0186085313884385
0.0188932038874509
0.0191951697679361
0.0195143068798321
0.0198504789684584
0.0202035645089133
0.0205734357720311
0.0209599456992056
0.0213629369547197
0.021782231619478
0.0222176313122368
0.0226689188398448
0.0231358585992191
0.0236182051111844
0.024115707092448
0.0246281063080458
0.0251551331242316
0.025696502281045
0.026251914586164
0.0268210686130587
0.0274036709187011
0.027999441446615
0.0286080935630788
0.0292293536323649
0.0298629522424609
0.0305086073519792
0.0311660335586488
0.0318349366258691
0.0325150106260009
0.0332059502881885
0.0339074494730843
0.0346191912249996
0.035340853713016
0.0360721087842311
0.0368126232271826
0.0375620657435015
0.0383200990513005
0.0390863920931677
0.0398606473595648
0.0406425713506595
0.0414318646356578
0.0422282253015412
0.0430313478993547
0.0438409244713162
0.0446566517270388
0.0454782292439914
0.0463053578709394
0.0471377416572379
0.0479750913114342
0.0488171193095661
0.0496635430544508
0.0505140811176529
0.05136845097753
0.0522263731978841
0.0530875691976409
0.0539517578975778
0.0548186598460843
0.0556880039835658
0.0565595218158792
0.0574329431692442
0.0583080081214628
0.0591844747031138
0.0600621012962146
0.0609406485952534
0.0618198910800596
0.0626996071990253
0.0635795725467555
0.0644595618483482
0.0653393544895315
0.0662187281527834
0.0670974605044459
0.067975333698436
0.0688521387884891
0.0697276713400513
0.0706017269319859
0.0714741009709885
0.0723445937060979
0.0732130065731391
0.0740791383736296
0.0749427856115766
0.0758037482335551
0.0766618340736497
0.0775168567325205
0.0783686315073453
0.0792169802436028
0.0800617362180868
0.0809027404122794
0.0817398341851074
0.0825728613292278
0.0834016716612962
0.0842261223019005
0.0850460784349422
0.0858614084346719
0.0866719847639947
0.087477682573476
0.0882783848532694
0.0890739777417627
0.0898643493994478
0.0906493924296224
0.091429001997766
0.0922030783125473
0.0929715293263108
0.0937342719835628
0.0944912265534646
0.0952423145348927
0.0959874725822231
0.0967266469856131
0.0974597921468454
0.0981868693373567
0.0989078478104818
0.0996227043169343
0.100331420956785
0.101033990291908
0.101730409385097
0.102420673302376
0.103104781339303
0.103782737890492
0.104454549924915
0.105120233249337
0.105779804320678
0.106433276288931
0.107080665299384
0.107721994033196
0.108357294096139
0.108986606728567
0.109609980411906
0.110227461931817
0.110839093611967
0.111444917579885
0.112044973582728
0.112639309339739
0.113227981055362
0.113811046335454
0.114388558664984
0.114960571115316
0.115527134041632
0.116088294569623
0.116644110953884
0.117194649930954
0.117739978337163
0.118280161534763
0.118815264552055
0.119345349388576
0.119870479090114
0.120390717970969
0.120906127459139
0.1214167658283
0.121922686398736
0.122423940015122
0.122920573533958
0.123412626275536
0.123900135407149
0.124383142446076
0.124861690642008
0.125335816310353
0.125805547453382
0.126270909837848
0.126731925856082
0.127188614476262
0.127640993096252
0.128089081858694
0.128532902067326
0.128972485597254
0.129407869582429
0.12983909027171
0.130266181557235
0.130689181545162
0.131108127115249
0.131523058765412
0.131934025057669
0.132341083836031
0.132744294162877
0.133143713896636
0.13353939964507
0.133931405417326
0.134319782077717
0.134704576775031
0.135085833650111
0.135463597935706
0.135837915498203
0.136208831425088
0.136576393566889
0.136940653090247
0.137301667153001
0.137659492460112
0.138014185973375
0.138365802415097
0.138714396404352
0.13906002361095
0.139402737432113
0.139742589379011
0.140079628731498
0.140413903192408
0.140745460558691
0.141074347078113
0.141400608560959
0.141724290161557
0.142045436665121
0.142364091717543
0.142680297502518
0.142994096165004
0.143305527333129
0.143614628218819
0.14392143384592
0.144225976751826
0.14452828713532
0.144828394974315
0.145126331518736
0.145422128044456
0.145715815207347
0.146007422504831
0.146296980968378
0.146584523283785
0.146870082194285
0.147153690173052
0.147435378397735
0.14771517521121
0.147993105131604
0.148269190442245
0.148543452820596
0.148815914678684
0.149086596505204
0.149355516892003
0.149622692527618
0.149888136522193
0.150151858410053
0.150413864797497
0.150674158969633
0.150932741214679
0.151189607659618
0.151444749703969
0.151698155226727
0.151949809593241
0.152199694285211
0.152447787284494
0.152694067314833
0.152938518454401
0.153181123493991
0.153421862487936
0.15366071529529
0.153897662777917
0.154132684247254
0.154365755402117
0.154596847859907
0.154825929354721
0.155052965506141
0.155277921235347
0.155500759176655
0.155721439764559
0.155939921445581
0.156156162546251
0.156370121392131
0.156581754010789
0.156791014591764
0.156997855976048
0.157202228599596
0.157404080770587
0.157603359241877
0.157800009270181
0.157993975525269
0.158185203487792
0.158373639479436
0.158559231507074
0.15874192765773
0.158921677348692
0.159098430747181
0.159272139654907
0.159442757128192
0.159610236220377
0.159774529386864
0.159935590065808
0.160093374435423
0.160247839718561
0.160398944010915
0.160546645739812
0.160690903818488
0.160831677716802
0.160968927724714
0.161102619779062
0.161232725728004
0.16135921915833
0.161482074053765
0.161601264711215
0.161716766221141
0.16182855435343
0.161936604989625
0.16204089373369
0.16214139603436
0.162238087814962
0.162330945757245
0.162419946751847
0.16250506771584
0.162586285299177
0.162663575887315
0.162736915557152
0.162806280422255
0.162871646254498
0.162932988563062
0.162990282773391
0.16304350415966
0.163092628007103
0.163137630549398
0.163178488569912
0.163215179254199
0.163247680557174
0.16327597220372
0.163300035021192
0.16331985026656
0.163335399518515
0.163346664679379
0.16335362786344
0.16335627170749
0.163354580375606
0.163348539875254
0.163338136871405
0.163323359074047
0.163304195927888
0.163280638436556
0.163252678726762
0.163220310200625
0.163183527603946
0.163142330154022
0.163096720384807
0.163046701880633
0.162992278754517
0.162933455893523
0.162870239797708
0.162802638265103
0.162730659716099
0.162654312891112
0.162573607434972
0.162488554094659
0.162399164662176
0.162305452930659
0.162207435731333
0.16210513152308
0.161998560646097
0.161887744847808
0.16177270695931
0.161653471106898
0.161530062338557
0.161402507083236
0.161270833323861
0.16113507032198
0.160995249027869
0.160851402757186
0.160703567553094
0.160551782657944
0.160396089789287
0.16023653226744
0.160073154444294
0.159906001449011
0.159735119354554
0.159560556204884
0.159382362700499
0.15920059195256
0.159015297953444
0.158826535037491
0.158634358111043
0.158438823100388
0.158239987395616
0.15803790944547
0.157832648215057
0.157624264700658
0.157412822134673
0.157198384648622
0.156981017313787
0.15676078560692
0.156537755073663
0.156311991570633
0.156083563291362
0.155852539149402
0.155618987782979
0.155382977228387
0.155144575245886
0.154903850413264
0.154660871749327
0.154415708432449
0.154168429558822
0.153919103411618
0.153667797390791
0.153414578317173
0.153159513085032
0.152902668078266
0.152644108840878
0.152383902747372
0.152122119368881
0.151858828993761
0.151594101961217
0.151328008007826
0.151060615594574
0.15079199263573
0.150522205899634
0.150251321191313
0.149979403304482
0.14970651556415
0.14943271970385
0.149158075891642
0.148882643137058
0.148606479629203
0.148329642703441
0.148052189817721
0.147774181330594
0.147495677242638
0.14721673673047
0.146937417410467
0.146657775310421
0.146377865824976
0.146097744100454
0.145817465159989
0.145537084270479
0.145256655650232
0.144976234164738
0.144695874882669
0.144415632200887
0.14413556002916
0.143855710942108
0.143576138084478
0.143296895790074
0.143018037591738
0.142739616424837
0.142461684147045
0.142184290782017
0.141907484695553
0.141631313426415
0.141355822813959
0.141081056799032
0.140807058793666
0.14053387209182
0.140261538665342
0.139990098695954
0.139719590359801
0.139450051325127
0.139181519205545
0.138914030339009
0.138647618938556
0.138382316966091
0.138118155114436
0.137855163659016
0.137593370903797
0.137332802739026
0.137073483128626
0.13681543573677
0.136558685150936
0.136303254345345
0.136049163914885
0.135796432724229
0.135545082009598
0.13529513537488
0.135046615375622
0.13479954240659
0.134553935198212
0.134309813310093
0.134067196171046
0.133826101656907
0.133586545443013
0.133348542210808
0.133112109803055
0.132877266665215
0.132644028821
0.132412410143318
0.132182423199009
0.131954080442409
0.131727393083432
0.131502371560741
0.131279025820692
0.131057365739444
0.130837402743566
0.130619147238526
0.130402609795419
0.130187800771447
0.129974730316397
0.129763411880343
0.12955385815232
0.12934607962292
0.129140084926395
0.128935881052595
0.128733474366861
0.128532872831028
0.128334086764861
0.128137125023984
0.127941995431859
0.127748708549876
0.12755727771295
0.127367715613459
0.127180032744422
0.126994238607096
0.126810345257386
0.126628369434153
0.12644832800449
0.126270236159641
0.126094109408794
0.125919969224905
0.12574783785308
0.125577735992372
0.125409682352315
0.125243694461645
0.125079790762981
0.124917989168044
0.124758305726935
0.124600757621764
0.12444536409022
0.12429214731157
0.124141131959015
0.123992345474718
0.123845814246709
0.123701563372322
0.123559619664392
0.123420009252522
0.123282755783804
0.123147879243197
0.123015399884419
0.122885339095185
0.122757714875816
0.122632540568844
0.122509828022235
0.122389587500646
0.122271829006696
0.122156560521052
0.122043788838039
0.121933514422404
0.121825732709597
0.121720447276517
0.121617664911763
0.121517385880849
0.121419607211546
0.121324329907317
0.121231554177158
0.121141274715186
0.121053486300158
0.12096817988625
0.120885340074344
0.120804956060495
0.12072702235657
0.120651526093772
0.120578444724109
0.120507747903749
0.120439395714971
0.12037333814595
0.120309527777653
0.120247918397342
0.12018845993407
0.120131093101768
0.120075755944954
0.120022385352315
0.119970921471753
0.11992132241954
0.119873547164421
0.119827550335043
0.119783297709432
0.119740762714552
0.119699927224262
0.119660776481477
0.119623292443428
0.119587454218609
0.119553237424872
0.119520619475483
0.119489589276137
0.119460138979125
0.119432257676966
0.119405931300731
0.119381147197936
0.119357897845958
0.119336175549342
0.119315969664046
0.119297268087089
0.119280060525052
0.11926433601882
0.119250080672624
0.119237276769725
0.119225903519141
0.119215936281351
0.119207351080813
0.119200132883376
0.119194266448006
0.119189732920063
0.11918650898722
0.119184569191519
0.119183900702932
0.119184493188638
0.119186331856842
0.119189398131652
0.119193668692245
0.119199115864463
0.119205712813924
0.119213428834035
0.11922222619335
0.11923206071126
0.11924288222086
0.119254635491595
0.119267262444767
0.119280718225084
0.119294981443448
0.119310039832559
0.119325880487965
0.119342491565649
0.119359869359699
0.11937801414688
0.119396923884388
0.119416594106375
0.119437019162142
0.119458192858005
0.119480114008115
0.1195027850371
0.119526204879692
0.119550367991425
0.11957526589918
0.119600888696873
0.119627237256946
0.119654320674356
0.119682146021169
0.119710717213923
0.119740034116213
0.11977009211888
0.11980088387689
0.119832401161604
0.119864634176417
0.119897568443116
0.11993119688715
0.119965522385061
0.120000548675776
0.120036284305048
0.120072737189308
0.120109912846652
0.120147813834138
0.120186442657545
0.120225800563786
0.120265888959244
0.120306714479459
0.120348279921503
0.120390582142558
0.120433611766881
0.12047735261297
0.120521784465687
0.120566889898594
0.120612653349798
0.120659069287077
0.120706142171219
0.120753874210227
0.120802271072512
0.120851352385203
0.120901142184069
0.120951663024332
0.121002934892105
0.121054975529363
0.121107800577257
0.121161425235215
0.121215869165822
0.121271158911757
0.121327334679503
0.121384442684675
0.121442530796293
0.121501647774964
0.121561840328415
0.121623150680342
0.121685616111702
0.121749268471012
0.121814134791936
0.121880238500517
0.121947604106697
0.122016254823382
0.12208620867483
0.122157483527897
0.122230099246123
0.122304071160917
0.122379413662079
0.122456138940295
0.122534251588999
0.122613749989931
0.122694629595089
0.122776880786194
0.122860486647548
0.122945419467084
0.123031640811175
0.12311910362011
0.123207756653841
0.123297544081281
0.123388398266489
0.123480239982531
0.123572978650602
0.123666512600171
0.12376073005041
0.1238555057846
0.12395070886464
0.124046200604919
0.124141842068414
0.124237498039831
0.12433305416339
0.124428404263927
0.124523438872419
0.124618051192023
0.124712141377021
0.124805612810686
0.124898363452152
0.124990286388296
0.125081272971775
0.125171208311745
0.125259970650499
0.125347454539096
0.125433567175266
0.125518210700276
0.12560128430601
0.125682680088066
0.125762283787845
0.125839984000536
0.125915668265703
0.125989217418669
0.126060508277779
0.126129436507638
0.126195916734207
0.126259873529142
0.126321233916774
0.126379928749817
0.126435887397645
0.126489035001078
0.126539293388065
0.126586584881444
0.1266308398553
0.126671993166118
0.126709975942442
0.126744712604278
0.126776122439634
0.12680413213252
0.126828688956016
0.12684974877167
0.126867275282826
0.126881256205725
0.126891683196007
0.1268985410462
0.126901805591378
0.1269014441431
0.12689743176164
0.126889765288961
0.126878458749085
0.126863528657593
0.126844986322739
0.126822842927648
0.126797120190656
0.126767834420519
0.126734992254045
0.126698598025532
0.126658667473463
0.126615214492225
0.126568248190642
0.126517777538806
0.126463804445236
0.126406324718522
0.126345330628367
0.126280809923334
0.126212743360814
0.126141107200873
0.126065878869906
